const int B_Height = 24; 
const int B_Width = 24; 
#pragma region B_DRAW 
const int B_ARRY [24][24] = { 

{ -858993460, -858993460, -858993460, -858993460, -858993460, -858993460, -858993460, -858993460, -858993460, -858993460, -858993460, -858993460, -858993460, -858993460, -858993460, -858993460, -858993460, -858993460, -858993460, -858993460, -858993460, -858993460, -858993460, -858993460},
{ -858993460, -858993460, -858993460, -858993460, -858993460, -858993460, -858993460, -858993460, -858993460, -858993460, -858993460, -858993460, -858993460, -858993460, -858993460, -858993460, -858993460, -858993460, -858993460, -858993460, -858993460, -858993460, -858993460, -858993460},
{ -858993460, -858993460, -858993460, -858993460, -858993460, -858993460, -858993460, -858993460, -858993460, -858993460, -858993460, -858993460, -858993460, -858993460, -858993460, -858993460, -858993460, -858993460, -858993460, -858993460, -858993460, -858993460, -858993460, -858993460},
{ -858993460, -858993460, -858993460, -858993460, -858993460, -858993460, -858993460, -858993460, -858993460, -858993460, -858993460, -858993460, -858993460, -858993460, -858993460, -858993460, -858993460, -858993460, -858993460, -858993460, -858993460, -858993460, -858993460, -858993460},
{ -858993460, -858993460, -858993460, -858993460, -858993460, -858993460, -858993460, -858993460, -858993460, -858993460, -858993460, -858993460, -858993460, -858993460, -858993460, -858993460, -858993460, -858993460, -858993460, -858993460, -858993460, -858993460, -858993460, -858993460},
{ -858993460, -858993460, -858993460, -858993460, -858993460, -858993460, -858993460, -858993460, -858993460, -858993460, -858993460, -858993460, -858993460, -858993460, -858993460, -858993460, -858993460, -858993460, -858993460, -858993460, -858993460, -858993460, -858993460, -858993460},
{ -858993460, -858993460, -858993460, -858993460, -858993460, -858993460, -858993460, -858993460, -858993460, -858993460, -858993460, -858993460, -858993460, -858993460, -858993460, -858993460, -858993460, -858993460, -858993460, -858993460, -858993460, -858993460, -858993460, -858993460},
{ -858993460, -858993460, -858993460, -858993460, -858993460, -858993460, -858993460, -858993460, -858993460, -858993460, -858993460, -858993460, -858993460, -858993460, -858993460, -858993460, -858993460, -858993460, -858993460, -858993460, -858993460, -858993460, -858993460, -858993460},
{ -858993460, -858993460, -858993460, -858993460, -858993460, -858993460, -858993460, -858993460, -858993460, -858993460, -858993460, -858993460, -858993460, -858993460, -858993460, -858993460, -858993460, -858993460, -858993460, -858993460, -858993460, -858993460, -858993460, -858993460},
{ -858993460, -858993460, -858993460, -858993460, -858993460, -858993460, -858993460, -858993460, -858993460, -858993460, -858993460, -858993460, -858993460, -858993460, -858993460, -858993460, -858993460, -858993460, -858993460, -858993460, -858993460, -858993460, -858993460, -858993460},
{ -858993460, -858993460, -858993460, -858993460, -858993460, -858993460, -858993460, -858993460, -858993460, -858993460, -858993460, -858993460, -858993460, -858993460, -858993460, -858993460, -858993460, -858993460, -858993460, -858993460, -858993460, -858993460, -858993460, -858993460},
{ -858993460, -858993460, -858993460, -858993460, -858993460, -858993460, -858993460, -858993460, -858993460, -858993460, -858993460, -858993460, -858993460, -858993460, -858993460, -858993460, -858993460, -858993460, -858993460, -858993460, -858993460, -858993460, -858993460, -858993460},
{ -858993460, -858993460, -858993460, -858993460, -858993460, -858993460, -858993460, -858993460, -858993460, -858993460, -858993460, -858993460, -858993460, -858993460, -858993460, -858993460, -858993460, -858993460, -858993460, -858993460, -858993460, -858993460, -858993460, -858993460},
{ -858993460, -858993460, -858993460, -858993460, -858993460, -858993460, -858993460, -858993460, -858993460, -858993460, -858993460, -858993460, -858993460, -858993460, -858993460, -858993460, -858993460, -858993460, -858993460, -858993460, -858993460, -858993460, -858993460, -858993460},
{ -858993460, -858993460, -858993460, -858993460, -858993460, -858993460, -858993460, -858993460, -858993460, -858993460, -858993460, -858993460, -858993460, -858993460, -858993460, -858993460, -858993460, -858993460, -858993460, -858993460, -858993460, -858993460, -858993460, -858993460},
{ -858993460, -858993460, -858993460, -858993460, -858993460, -858993460, -858993460, -858993460, -858993460, -858993460, -858993460, -858993460, -858993460, -858993460, -858993460, -858993460, -858993460, -858993460, -858993460, -858993460, -858993460, -858993460, -858993460, -858993460},
{ -858993460, -858993460, -858993460, -858993460, -858993460, -858993460, -858993460, -858993460, -858993460, -858993460, -858993460, -858993460, -858993460, -858993460, -858993460, -858993460, -858993460, -858993460, -858993460, -858993460, -858993460, -858993460, -858993460, -858993460},
{ -858993460, -858993460, -858993460, -858993460, -858993460, -858993460, -858993460, -858993460, -858993460, -858993460, -858993460, -858993460, -858993460, -858993460, -858993460, -858993460, -858993460, -858993460, -858993460, -858993460, -858993460, -858993460, -858993460, -858993460},
{ -858993460, -858993460, -858993460, -858993460, -858993460, -858993460, -858993460, -858993460, -858993460, -858993460, -858993460, -858993460, -858993460, -858993460, -858993460, -858993460, -858993460, -858993460, -858993460, -858993460, -858993460, -858993460, -858993460, -858993460},
{ -858993460, -858993460, -858993460, -858993460, -858993460, -858993460, -858993460, -858993460, -858993460, -858993460, -858993460, -858993460, -858993460, -858993460, -858993460, -858993460, -858993460, -858993460, -858993460, -858993460, -858993460, -858993460, -858993460, -858993460},
{ -858993460, -858993460, -858993460, -858993460, -858993460, -858993460, -858993460, , -858993460, -858993460, -858993460, , -858993460, -858993460, -858993460, , -858993460, -858993460, -858993460, -858993460, -858993460, -858993460, -858993460, -858993460},
{ -858993460, -858993460, -858993460, -858993460, -858993460, -858993460, -858993460, -858993460, -858993460, -858993460, -858993460, -858993460, -858993460, -858993460, -858993460, , -858993460, -858993460, -858993460, -858993460, -858993460, -858993460, -858993460, },
{ -858993460, -858993460, -858993460, -858993460, -858993460, -858993460, -858993460, -858993460, -858993460, -858993460, , -858993460, -858993460, -858993460, -858993460, , -858993460, -858993460, , , -858993460, -858993460, -858993460, },
{ 0, 0, -858993460, -858993460, -858993460, -858993460, -858993460, -858993460, -858993460, -858993460, -858993460, -858993460, -858993460, -858993460, 0, -858993460, -858993460, -858993460, -858993460, -858993460, -858993460, -858993460, -858993460, -858993460},
}; 
 
 #pragma endregion 
