const int marioLeft_Height = 20; 
const int marioLeft_Width = 21; 
#pragma region MARIOLEFT_DRAW 
const int marioLeft_ARRY [20][21] = { 

{ 99, 99, 99, 99, 99, 99, 99, 99, 99, 99, 99, 99, 99, 99, 99, 99, 99, 99, 99, 99, 99},
{ 99, 99, 99, 99, 99, 99, 99, 99, 99, 99, 99, 99, 99, 99, 99, 99, 99, 99, 99, 99, 99},
{ 99, 99, 99, 99, 99, 99, 99, 99, 99, 99, 99, 99, 99, 99, 99, 99, 99, 99, 99, 99, 99},
{ 99, 99, 99, 99, 99, 99, 99, 99, 4, 4, 4, 4, 99, 99, 99, 99, 99, 99, 99, 99, 99},
{ 99, 99, 99, 99, 99, 4, 4, 4, 4, 4, 4, 4, 4, 99, 99, 99, 99, 99, 99, 99, 99},
{ 99, 99, 99, 99, 99, 99, 99, 4, 4, 1, 1, 1, 1, 99, 99, 99, 99, 99, 99, 99, 99},
{ 99, 99, 99, 99, 4, 4, 4, 1, 4, 4, 1, 4, 4, 1, 99, 99, 99, 99, 99, 99, 99},
{ 99, 99, 99, 4, 4, 4, 1, 4, 4, 1, 1, 4, 4, 1, 99, 99, 99, 99, 99, 99, 99},
{ 99, 99, 99, 99, 1, 1, 1, 1, 4, 4, 4, 4, 1, 1, 1, 99, 99, 99, 99, 99, 99},
{ 99, 99, 99, 99, 99, 4, 4, 4, 4, 4, 4, 4, 99, 99, 99, 99, 99, 99, 99, 99, 99},
{ 99, 99, 99, 99, 99, 99, 4, 99, 4, 1, 1, 1, 1, 1, 99, 99, 99, 99, 99, 99, 99},
{ 99, 99, 99, 99, 99, 4, 4, 4, 1, 1, 1, 1, 1, 1, 4, 99, 99, 99, 99, 99, 99},
{ 99, 99, 99, 99, 99, 99, 4, 4, 1, 1, 1, 1, 4, 4, 4, 4, 99, 99, 99, 99, 99},
{ 99, 99, 99, 99, 99, 99, 4, 4, 4, 4, 4, 4, 4, 4, 4, 4, 1, 1, 99, 99, 99},
{ 99, 99, 99, 99, 99, 99, 4, 4, 4, 4, 4, 4, 4, 4, 4, 4, 1, 1, 99, 99, 99},
{ 99, 99, 99, 99, 99, 99, 99, 4, 4, 4, 99, 99, 4, 4, 4, 4, 1, 1, 99, 99, 99},
{ 99, 99, 99, 99, 99, 99, 99, 99, 1, 1, 1, 99, 99, 99, 99, 99, 99, 1, 99, 99, 99},
{ 99, 99, 99, 99, 99, 99, 99, 1, 1, 1, 1, 99, 99, 99, 99, 99, 99, 99, 99, 99, 99},
{ 99, 99, 99, 99, 99, 99, 99, 99, 99, 99, 99, 99, 99, 99, 99, 99, 99, 99, 99, 99, 99},
{ 99, 99, 99, 99, 99, 99, 99, 99, 99, 99, 99, 99, 99, 99, 99, 99, 99, 99, 99, 99, 99},
}; 
 
 #pragma endregion 
