[24, 255,0] [24, 255,0] [24, 255,0] [24, 255,0] [24, 255,0] [24, 255,0] [24, 255,0] [24, 255,0] [24, 255,0] [24, 255,0] [24, 255,0] [24, 255,0] [24, 255,0] [24, 255,0] [24, 255,0] [24, 255,0] [24, 255,0] [24, 255,0] [24, 255,0] [24, 255,0] [24, 255,0] 
[24, 255,0] [24, 255,0] [24, 255,0] [24, 255,0] [24, 255,0] [24, 255,0] [24, 255,0] [24, 255,0] [24, 255,0] [24, 255,0] [24, 255,0] [24, 255,0] [24, 255,0] [24, 255,0] [24, 255,0] [24, 255,0] [24, 255,0] [24, 255,0] [24, 255,0] [24, 255,0] [24, 255,0] 
[24, 255,0] [24, 255,0] [24, 255,0] [24, 255,0] [24, 255,0] [24, 255,0] [24, 255,0] [0, 0,188] [0, 0,188] [0, 0,188] [0, 0,188] [24, 255,0] [24, 255,0] [24, 255,0] [24, 255,0] [24, 255,0] [24, 255,0] [24, 255,0] [24, 255,0] [24, 255,0] [24, 255,0] 
[24, 255,0] [24, 255,0] [24, 255,0] [24, 255,0] [24, 255,0] [24, 255,0] [24, 255,0] [24, 255,0] [0, 0,188] [0, 0,188] [0, 0,188] [24, 255,0] [24, 255,0] [24, 255,0] [24, 255,0] [24, 255,0] [24, 255,0] [0, 0,188] [24, 255,0] [24, 255,0] [24, 255,0] 
[24, 255,0] [24, 255,0] [24, 255,0] [24, 255,0] [24, 255,0] [24, 255,0] [24, 255,0] [248, 56,0] [248, 56,0] [248, 56,0] [24, 255,0] [24, 255,0] [248, 56,0] [248, 56,0] [248, 56,0] [248, 56,0] [0, 0,188] [0, 0,188] [24, 255,0] [24, 255,0] [24, 255,0] 
[24, 255,0] [24, 255,0] [24, 255,0] [24, 255,0] [24, 255,0] [24, 255,0] [248, 56,0] [248, 56,0] [248, 56,0] [248, 56,0] [248, 56,0] [248, 56,0] [248, 56,0] [248, 56,0] [248, 56,0] [248, 56,0] [0, 0,188] [0, 0,188] [24, 255,0] [24, 255,0] [24, 255,0] 
[24, 255,0] [24, 255,0] [24, 255,0] [24, 255,0] [24, 255,0] [24, 255,0] [248, 56,0] [248, 56,0] [248, 56,0] [248, 56,0] [248, 56,0] [248, 56,0] [248, 56,0] [248, 56,0] [248, 56,0] [248, 56,0] [0, 0,188] [0, 0,188] [24, 255,0] [24, 255,0] [24, 255,0] 
[24, 255,0] [24, 255,0] [24, 255,0] [24, 255,0] [24, 255,0] [24, 255,0] [240, 208,176] [240, 208,176] [0, 0,188] [0, 0,188] [0, 0,188] [0, 0,188] [248, 56,0] [248, 56,0] [240, 208,176] [240, 208,176] [24, 255,0] [24, 255,0] [24, 255,0] [24, 255,0] [24, 255,0] 
[24, 255,0] [24, 255,0] [24, 255,0] [24, 255,0] [24, 255,0] [240, 208,176] [240, 208,176] [240, 208,176] [0, 0,188] [0, 0,188] [0, 0,188] [0, 0,188] [0, 0,188] [0, 0,188] [240, 208,176] [24, 255,0] [24, 255,0] [24, 255,0] [24, 255,0] [24, 255,0] [24, 255,0] 
[24, 255,0] [24, 255,0] [24, 255,0] [24, 255,0] [24, 255,0] [24, 255,0] [240, 208,176] [24, 255,0] [248, 56,0] [0, 0,188] [0, 0,188] [0, 0,188] [0, 0,188] [0, 0,188] [24, 255,0] [24, 255,0] [24, 255,0] [24, 255,0] [24, 255,0] [24, 255,0] [24, 255,0] 
[24, 255,0] [24, 255,0] [24, 255,0] [24, 255,0] [24, 255,0] [240, 208,176] [240, 208,176] [240, 208,176] [240, 208,176] [240, 208,176] [240, 208,176] [240, 208,176] [24, 255,0] [24, 255,0] [24, 255,0] [24, 255,0] [24, 255,0] [24, 255,0] [24, 255,0] [24, 255,0] [24, 255,0] 
[24, 255,0] [24, 255,0] [24, 255,0] [24, 255,0] [0, 0,188] [0, 0,188] [0, 0,188] [0, 0,188] [240, 208,176] [240, 208,176] [240, 208,176] [240, 208,176] [0, 0,188] [0, 0,188] [0, 0,188] [24, 255,0] [24, 255,0] [24, 255,0] [24, 255,0] [24, 255,0] [24, 255,0] 
[24, 255,0] [24, 255,0] [24, 255,0] [240, 208,176] [240, 208,176] [240, 208,176] [0, 0,188] [240, 208,176] [240, 208,176] [0, 0,188] [0, 0,188] [240, 208,176] [240, 208,176] [0, 0,188] [24, 255,0] [24, 255,0] [24, 255,0] [24, 255,0] [24, 255,0] [24, 255,0] [24, 255,0] 
[24, 255,0] [24, 255,0] [24, 255,0] [24, 255,0] [240, 208,176] [240, 208,176] [240, 208,176] [0, 0,188] [240, 208,176] [240, 208,176] [0, 0,188] [240, 208,176] [240, 208,176] [0, 0,188] [24, 255,0] [24, 255,0] [24, 255,0] [24, 255,0] [24, 255,0] [24, 255,0] [24, 255,0] 
[24, 255,0] [24, 255,0] [24, 255,0] [24, 255,0] [24, 255,0] [24, 255,0] [24, 255,0] [240, 208,176] [240, 208,176] [0, 0,188] [0, 0,188] [0, 0,188] [0, 0,188] [24, 255,0] [24, 255,0] [24, 255,0] [24, 255,0] [24, 255,0] [24, 255,0] [24, 255,0] [24, 255,0] 
[24, 255,0] [24, 255,0] [24, 255,0] [24, 255,0] [24, 255,0] [248, 56,0] [248, 56,0] [248, 56,0] [248, 56,0] [248, 56,0] [248, 56,0] [248, 56,0] [248, 56,0] [24, 255,0] [24, 255,0] [24, 255,0] [24, 255,0] [24, 255,0] [24, 255,0] [24, 255,0] [24, 255,0] 
[24, 255,0] [24, 255,0] [24, 255,0] [24, 255,0] [24, 255,0] [24, 255,0] [24, 255,0] [24, 255,0] [248, 56,0] [248, 56,0] [248, 56,0] [248, 56,0] [24, 255,0] [24, 255,0] [24, 255,0] [24, 255,0] [24, 255,0] [24, 255,0] [24, 255,0] [24, 255,0] [24, 255,0] 
[24, 255,0] [24, 255,0] [24, 255,0] [24, 255,0] [24, 255,0] [24, 255,0] [24, 255,0] [24, 255,0] [24, 255,0] [24, 255,0] [24, 255,0] [24, 255,0] [24, 255,0] [24, 255,0] [24, 255,0] [24, 255,0] [24, 255,0] [24, 255,0] [24, 255,0] [24, 255,0] [24, 255,0] 
[24, 255,0] [24, 255,0] [24, 255,0] [24, 255,0] [24, 255,0] [24, 255,0] [24, 255,0] [24, 255,0] [24, 255,0] [24, 255,0] [24, 255,0] [24, 255,0] [24, 255,0] [24, 255,0] [24, 255,0] [24, 255,0] [24, 255,0] [24, 255,0] [24, 255,0] [24, 255,0] [24, 255,0] 
[24, 255,0] [24, 255,0] [24, 255,0] [24, 255,0] [24, 255,0] [24, 255,0] [24, 255,0] [24, 255,0] [24, 255,0] [24, 255,0] [24, 255,0] [24, 255,0] [24, 255,0] [24, 255,0] [24, 255,0] [24, 255,0] [24, 255,0] [24, 255,0] [24, 255,0] [24, 255,0] [24, 255,0] 
